2 0.752865 0.728241 0.490104 0.525000
2 0.850521 0.325926 0.296875 0.424074
0 0.922917 0.306019 0.051042 0.162037
1 0.646615 0.377778 0.089063 0.100000
0 0.503385 0.337500 0.030729 0.108333
1 0.504167 0.355556 0.033333 0.081481
0 0.244010 0.339352 0.033854 0.130556
1 0.509896 0.361574 0.044792 0.073148
0 0.502865 0.325926 0.026562 0.087037
1 0.515365 0.351852 0.049479 0.094444
0 0.246094 0.335648 0.023438 0.121296
0 0.258073 0.331481 0.022396 0.111111
0 0.804427 0.266204 0.018229 0.032407
0 0.762760 0.262037 0.038021 0.059259
0 0.858854 0.252315 0.036458 0.093519
0 0.514323 0.204167 0.044271 0.075000
