2 0.753385 0.731019 0.491146 0.523148
0 0.833333 0.354167 0.041667 0.239815
0 0.123438 0.402315 0.101042 0.321296
0 0.368490 0.312037 0.031771 0.109259
1 0.657292 0.374537 0.108333 0.106481
1 0.892708 0.342593 0.087500 0.107407
0 0.503385 0.338426 0.030729 0.106481
0 0.875521 0.249074 0.021875 0.096296
1 0.504167 0.355556 0.032292 0.081481
1 0.782813 0.354167 0.052083 0.080556
0 0.952344 0.368981 0.023438 0.063889
1 0.510417 0.366204 0.045833 0.063889
0 0.510938 0.221759 0.014583 0.060185
1 0.514844 0.353704 0.048438 0.087037
