2 0.752865 0.729630 0.489063 0.522222
2 0.843750 0.324537 0.309375 0.417593
0 0.231510 0.343519 0.024479 0.129630
1 0.645312 0.378704 0.086458 0.100000
0 0.504167 0.337500 0.030208 0.108333
1 0.504948 0.356944 0.033854 0.078704
0 0.935417 0.312963 0.035417 0.172222
0 0.224740 0.343519 0.039062 0.133333
0 0.502865 0.326389 0.026562 0.087963
1 0.515365 0.351852 0.049479 0.096296
0 0.369271 0.346296 0.014583 0.046296
0 0.821615 0.281481 0.071354 0.111111
0 0.736458 0.273611 0.033333 0.069444
0 0.513021 0.197685 0.056250 0.104630
