2 0.752865 0.725000 0.492188 0.531481
0 0.077344 0.381019 0.103646 0.321296
2 0.394792 0.327778 0.087500 0.211111
0 0.443490 0.341204 0.027604 0.154630
1 0.802083 0.352778 0.090625 0.092593
1 0.503385 0.356944 0.031771 0.080556
1 0.891667 0.348611 0.086458 0.093519
0 0.502865 0.337037 0.028646 0.105556
1 0.657292 0.374537 0.108333 0.106481
1 0.632292 0.380556 0.060417 0.098148
1 0.511719 0.361574 0.047396 0.076852
1 0.645573 0.380093 0.088021 0.089815
1 0.623437 0.380556 0.042708 0.092593
0 0.393229 0.314352 0.053125 0.071296
0 0.383333 0.306481 0.054167 0.081481
