2 0.752865 0.730556 0.491146 0.524074
0 0.107813 0.393981 0.071875 0.334259
0 0.838021 0.355093 0.039583 0.239815
0 0.835938 0.324537 0.037500 0.176852
0 0.874740 0.254630 0.021354 0.103704
0 0.365365 0.312037 0.031771 0.109259
0 0.503385 0.338426 0.030729 0.106481
1 0.651823 0.377315 0.099479 0.100926
1 0.896615 0.341204 0.081771 0.108333
0 0.370312 0.310648 0.023958 0.106481
1 0.811719 0.351389 0.108854 0.093519
1 0.503385 0.355093 0.031771 0.082407
0 0.510938 0.223148 0.014583 0.061111
1 0.784115 0.355556 0.056771 0.079630
0 0.359115 0.313426 0.023438 0.100926
1 0.510938 0.366667 0.048958 0.062963
1 0.514583 0.355093 0.050000 0.086111
