2 0.752865 0.738426 0.491146 0.506481
2 0.841667 0.322685 0.314583 0.406481
0 0.197917 0.346759 0.032292 0.147222
0 0.778646 0.362037 0.045833 0.194444
0 0.503646 0.337963 0.030208 0.107407
1 0.504167 0.357870 0.033333 0.076852
0 0.687240 0.364352 0.043229 0.176852
1 0.509375 0.365741 0.043750 0.064815
0 0.369271 0.346296 0.014583 0.048148
1 0.635938 0.379167 0.066667 0.097222
0 0.502865 0.326389 0.026562 0.086111
0 0.930990 0.261111 0.053646 0.074074
0 0.839844 0.274074 0.065104 0.131481
0 0.518490 0.199537 0.045312 0.065741
