2 0.752865 0.731019 0.492188 0.519444
0 0.870833 0.348611 0.037500 0.195370
0 0.933594 0.284722 0.054688 0.123148
2 0.934115 0.406944 0.128646 0.195370
0 0.310417 0.322222 0.035417 0.125926
1 0.654167 0.378241 0.104167 0.102778
0 0.503385 0.337037 0.030729 0.107407
1 0.803646 0.355093 0.093750 0.087963
1 0.504167 0.358333 0.032292 0.075926
0 0.841667 0.290741 0.023958 0.090741
1 0.509115 0.364352 0.042188 0.069444
0 0.843490 0.302778 0.028646 0.114815
0 0.316667 0.321759 0.023958 0.112037
0 0.511198 0.209722 0.020313 0.058333
