2 0.752865 0.729167 0.490104 0.521296
2 0.846094 0.324537 0.305729 0.421296
1 0.646615 0.376852 0.089063 0.103704
0 0.232813 0.343056 0.040625 0.134259
1 0.504948 0.355093 0.033854 0.084259
0 0.504167 0.337500 0.031250 0.108333
1 0.232292 0.343056 0.039583 0.134259
1 0.510938 0.358333 0.046875 0.079630
1 0.235937 0.355093 0.028125 0.113889
1 0.515365 0.348148 0.050521 0.105556
0 0.796094 0.271296 0.022396 0.055556
0 0.754167 0.276852 0.046875 0.075926
0 0.847396 0.262037 0.040625 0.100000
0 0.935677 0.249074 0.055729 0.059259
0 0.514844 0.194907 0.042188 0.067593
