2 0.752865 0.731019 0.492188 0.521296
0 0.919271 0.356019 0.063542 0.271296
1 0.654687 0.377315 0.106250 0.104630
0 0.844271 0.280556 0.020833 0.075926
0 0.315365 0.322685 0.036979 0.117593
0 0.503385 0.337500 0.030729 0.106481
1 0.504167 0.357407 0.033333 0.075926
2 0.969271 0.406019 0.060417 0.143519
1 0.802865 0.353241 0.091146 0.091667
1 0.509115 0.363426 0.045312 0.069444
1 0.854688 0.355556 0.048958 0.081481
0 0.512240 0.215741 0.014063 0.051852
1 0.315365 0.324537 0.032813 0.113889
1 0.515365 0.353704 0.048438 0.090741
