2 0.753646 0.728241 0.490625 0.526852
0 0.529167 0.343981 0.035417 0.175000
0 0.765365 0.361574 0.045312 0.230556
0 0.414583 0.245833 0.018750 0.076852
1 0.646094 0.376852 0.088021 0.100000
0 0.501823 0.334259 0.027604 0.116667
0 0.412240 0.245833 0.019271 0.071296
1 0.892188 0.347685 0.079167 0.093519
1 0.812760 0.352778 0.063021 0.090741
1 0.503125 0.354630 0.028125 0.083333
1 0.648958 0.376389 0.093750 0.106481
0 0.542969 0.199537 0.017188 0.063889
0 0.511198 0.240278 0.028646 0.063889
0 0.968229 0.176389 0.042708 0.084259
