0 0.813021 0.356481 0.061458 0.231481
0 0.165365 0.393519 0.067187 0.327778
2 0.753385 0.731481 0.491146 0.520370
0 0.371615 0.309259 0.031771 0.109259
1 0.657292 0.372222 0.108333 0.109259
1 0.891667 0.342130 0.091667 0.108333
0 0.503646 0.338889 0.030208 0.105556
0 0.510417 0.222685 0.013542 0.062037
1 0.134115 0.341667 0.036979 0.085185
1 0.504167 0.348148 0.032292 0.094444
1 0.511719 0.365278 0.049479 0.067593
1 0.515365 0.350926 0.049479 0.094444
0 0.880990 0.242130 0.025521 0.087963
0 0.509896 0.219444 0.021875 0.064815
