0 0.140365 0.393519 0.106771 0.327778
0 0.824740 0.357870 0.051562 0.234259
2 0.753646 0.735185 0.490625 0.514815
0 0.369271 0.312963 0.033333 0.109259
0 0.876823 0.244907 0.021354 0.087963
0 0.503385 0.338889 0.030729 0.107407
1 0.646094 0.379167 0.089063 0.093519
1 0.889062 0.347222 0.085417 0.094444
1 0.656771 0.370370 0.109375 0.109259
1 0.503385 0.355093 0.031771 0.082407
0 0.510417 0.221759 0.014583 0.060185
0 0.952344 0.368519 0.022396 0.064815
1 0.509115 0.366204 0.043229 0.063889
1 0.782813 0.354167 0.054167 0.078704
